-16129.0
-16888.0
-14825.0
-15825.0
-12940.0
-11403.0
-13297.0
-11906.0
-14744.0
-12215.0
-10522.0
-16052.0
-9621.0
-10292.0
-8679.0
-7235.0
-8593.0
-12278.0
-9505.0
-14630.0
-8168.0
-10234.0
-5724.0
-9418.0
-9462.0
-5245.0
-7140.0
-5571.0
-8323.0
-7777.0
-4510.0
-5932.0
-5509.0
-5356.0
-5437.0
-4876.0
-4868.0
-5005.0
-5549.0
-4859.0
-5013.0
-5299.0
-5008.0
-4348.0
-4655.0
-3526.0
-4523.0
-6107.0
-3716.0
-4438.0
-3574.0
-3639.0
-4807.0
-3629.0
-4493.0
-3963.0
-3741.0
-3268.0
-3239.0
-3184.0
-3279.0
-3190.0
-2766.0
-3109.0
-3093.0
-3019.0
-3159.0
-2653.0
-2969.0
-2444.0
-2587.0
-2509.0
-2861.0
-2259.0
-2510.0
-2628.0
-2756.0
-2209.0
-2676.0
-2541.0
-2333.0
-2802.0
-2196.0
-2066.0
-2341.0
-2004.0
-2171.0
-1637.0
-2389.0
-1899.0
-1713.0
-1885.0
-1667.0
-1739.0
-1677.0
-1514.0
-1783.0
-1797.0
-1436.0
-1375.0
