171110
220920
138611
163568
168054
204431
251544
237428
235983
176659
143122
196889
158386
116381
171118
138321
207945
158037
247350
149988
251724
285737
257665
174476
123044
232492
162695
136644
206379
125329
132531
262246
160446
216042
203785
187929
150455
272839
185257
195083
162442
301391
213714
262531
172095
172907
192707
245868
211100
472730
383661
141973
156863
168204
218599
123497
342928
184489
191641
266318
201731
298471
462181
534991
351401
549600
212454
130761
340324
151035
430818
178503
195833
1126745
855636
711041
683442
567506
186644
1058747
480810
606456
398713
323222
437619
511718
591355
1588918
1656648
408641
705020
1002922
1238619
617336
1709720
1152456
1099516
2480170
2148075
1672895
