30.9875
32.9525
27.9025
30.63
24.73625
22.51375
26.405
23.44125
30.01875
24.80125
21.60625
33.73
20.415
21.9225
18.00875
15.53625
18.02125
25.21875
20.01125
27.4525
17.15375
21.01
12.31875
19.90625
19.2375
12.47625
16.4175
12.275
17.37
17.64625
10.3025
13.79
13.17375
13.26
11.96125
11.91875
11.23125
12.775
13.41875
11.49125
12.44375
12.83125
12.3525
10.515
11.44
9.2825
11.73
14.6725
9.78
11.44875
9.63875
10.00125
12.055
9.595
12.6125
10.20625
10.03375
9.4875
9.46125
9.08125
8.85125
8.91875
8.15375
8.5525
8.35875
8.44625
8.3775
8.01875
8.6325
7.06125
7.3925
7.6575
8.06375
6.93875
7.16375
8.355
8.03875
6.80375
8.585
7.97625
7.33625
8.24125
7.0125
6.54375
7.19375
6.615
6.855
5.675
6.99
6.2475
6.2625
6.39
6.09375
5.9825
6.26625
5.37875
6.13125
6.275
5.07625
5.18125
